   1   1   9
  12 110 118 151 163 180 220 249 280
   225.9  1250.7  1493.5   687.6   259.9   567.3   320.6  2519.8  2674.7
   1   2   4
  12 118 151 180
   367.5  5183.7  3847.1   601.8
   1   3   5
  12  91 118 151 180
   496.1   104.5  3634.1  5283.3   482.0
   1   4  14
  12  46  64  92 118 128 151 184 189 193 197 234 286 289
   526.2   262.8   205.5  2713.6   337.0   367.7   374.4   818.9  1327.0   812.7 197.0   312.4   507.2  1237.7
   1   5   9
   4  13 105 131 163 170 208 220 235
  1518.0  2719.9   648.6   593.5   247.0  1050.5   139.5  1366.6  1716.5
   1   6   7
  45 192 197 234 250 288 297
  5750.9   466.4   325.0  2828.8   190.1   302.8   136.0
   1   7  11
   4  13  18  67 131 170 171 202 208 220 235
   143.8   288.0   206.0  2589.0  1014.9  1850.3   635.7  1745.7  1173.9   142.6 210.0
   1   8  11
  92 151 174 184 197 209 210 234 272 286 289
   229.8   153.2   322.9  5035.5   217.3   229.5   212.5   287.5   623.2  2053.5  635.1
   2   1   4
 314 319 326 349
  2117.5   514.3  7051.4   316.8
   2   2   3
 319 326 346
   182.0  9688.1   129.9
   2   3   3
 319 326 346
   256.0  9395.0   349.0
   2   4   3
 326 335 346
   621.5   112.3  9266.3
   2   5   1
 314
 10000.0
   2   6   4
 318 339 340 341
  9597.5   160.5   123.8   118.2
   2   7   2
 314 319
  1371.4  8628.6
   2   8   2
 335 346
   197.9  9802.1
