       1      10
     1  24  23  22  21  19  12  13  25  20  17
     1     7.4     7.4     6.1     6.2     7.2    14.2    17.0    16.8     7.1    12.8
     1 262 258 114 113  88  48  48  25  22  21
       2      10
     2  23  24  19  21  22  12  13  10  20  25
     2     2.0     2.0     2.0     2.0     2.0     8.4    13.4    11.7     2.0    15.7
     2 288 288  92  92  92  57  33  25  23   9
       3      10
     3  23  24  19  21  22  12  13  10  20  25
     3     2.0     2.0     2.0     2.0     2.0     7.4    13.3    10.7     2.0    15.3
     3 281 281  90  90  90  73  33  32  22  10
       4      10
     4  12  23  24  10  19  25  21  22   6  42
     4     4.0     5.7     6.2    10.2     5.9    10.5     7.1     7.1    14.7    16.2
     4 298 194 171  62  59  58  44  44  40  28
       5      10
     5  16  17  18  13  24  14  23   1   2  21
     5     2.0     2.0     2.0    10.1    14.8    10.3    15.4     7.6     7.6    14.2
     5 230 230 230 188  29  29  25  14  14  11
       6      10
     6   6  42 108  48  49   3 110 109   4  40
     6     4.1     6.5     5.3     8.8     9.0     6.6     2.5     3.9     6.2     6.6
     6 295 161 111  92  88  80  70  50  28  26
       7      10
     7  13  14  18  17  16  24  23  15  10  12
     7     4.2     4.3     5.7     5.8     5.8    11.8    12.4     4.0    14.3    16.2
     7 579  90  64  63  62  43  37  24  23  15
       8      10
     8  12  10  23  24  11   6  19  42 120  21
     8     2.0     6.0     7.0     7.2     6.8    14.2     7.3    14.9    15.4     8.4
     8 415 152 118 112  40  39  35  33  29  27
